 alegendre_tp: invalid parameter
 dnu =    10.000000000000000     
 dmu =    0.0000000000000000     
